1189
-400,-2.25255681818182,-102.252556818182
-399,-2.25255681818182,-102.252556818182
-398,-2.25255681818182,-102.252556818182
-397,-2.25255681818182,-102.252556818182
-396,-2.25255681818182,-102.252556818182
-395,-2.25255681818182,-102.252556818182
-394,-2.25255681818182,-102.252556818182
-393,-2.25255681818182,-102.252556818182
-392,-2.25255681818182,-102.252556818182
-391,-2.25255681818182,-102.252556818182
-390,-2.25255681818182,-102.252556818182
-389,-2.25255681818182,-102.252556818182
-388,-2.25255681818182,-102.252556818182
-387,-2.25255681818182,-102.252556818182
-386,-2.25255681818182,-102.252556818182
-385,-2.25255681818182,-102.252556818182
-384,-2.25255681818182,-102.252556818182
-383,-2.25255681818182,-102.252556818182
-382,-2.25255681818182,-102.252556818182
-381,-2.25255681818182,-102.252556818182
-380,-2.25255681818182,-102.252556818182
-379,-2.25255681818182,-102.252556818182
-378,-2.25255681818182,-102.252556818182
-377,-2.25255681818182,-102.252556818182
-376,-2.25255681818182,-102.252556818182
-375,-2.25255681818182,-102.252556818182
-374,-2.25255681818182,-102.252556818182
-373,-2.25255681818182,-102.252556818182
-372,-2.25255681818182,-102.252556818182
-371,-2.25255681818182,-102.252556818182
-370,-2.25255681818182,-102.252556818182
-369,-2.25255681818182,-102.252556818182
-368,-2.25255681818182,-102.252556818182
-367,-2.25255681818182,-102.252556818182
-366,-2.25255681818182,-102.252556818182
-365,-2.25255681818182,-102.252556818182
-364,-2.25255681818182,-102.252556818182
-363,-2.25255681818182,-102.252556818182
-362,-2.25255681818182,-102.252556818182
-361,-2.25255681818182,-102.252556818182
-360,-2.25255681818182,-102.252556818182
-359,-2.25255681818182,-102.252556818182
-358,-2.25255681818182,-102.252556818182
-357,-2.25255681818182,-102.252556818182
-356,-2.25255681818182,-102.252556818182
-355,-2.25255681818182,-102.252556818182
-354,-2.25255681818182,-102.252556818182
-353,-2.25255681818182,-102.252556818182
-352,-2.25255681818182,-102.252556818182
-351,-2.25255681818182,-102.252556818182
-350,-2.25255681818182,-102.252556818182
-349,-2.25255681818182,-102.252556818182
-348,-2.25255681818182,-102.252556818182
-347,-2.25255681818182,-102.252556818182
-346,-2.25255681818182,-102.252556818182
-345,-2.25255681818182,-102.252556818182
-344,-2.25255681818182,-102.252556818182
-343,-2.25255681818182,-102.252556818182
-342,-2.25255681818182,-102.252556818182
-341,-2.25255681818182,-102.252556818182
-340,-2.25255681818182,-102.252556818182
-339,-2.25255681818182,-102.252556818182
-338,-2.25255681818182,-102.252556818182
-337,-2.25255681818182,-102.252556818182
-336,-2.25255681818182,-102.252556818182
-335,-2.25255681818182,-102.252556818182
-334,-2.25255681818182,-102.252556818182
-333,-2.25255681818182,-102.252556818182
-332,-2.25255681818182,-102.252556818182
-331,-2.25255681818182,-102.252556818182
-330,-2.25255681818182,-102.252556818182
-329,-2.25255681818182,-102.252556818182
-328,-2.25255681818182,-102.252556818182
-327,-2.25255681818182,-102.252556818182
-326,-2.25255681818182,-102.252556818182
-325,-2.25255681818182,-102.252556818182
-324,-2.25255681818182,-102.252556818182
-323,-2.25255681818182,-102.252556818182
-322,-2.25255681818182,-102.252556818182
-321,-2.25255681818182,-102.252556818182
-320,-2.25255681818182,-102.252556818182
-319,-2.25255681818182,-102.252556818182
-318,-2.25255681818182,-102.252556818182
-317,-2.25255681818182,-102.252556818182
-316,-2.25255681818182,-102.252556818182
-315,-2.25255681818182,-102.252556818182
-314,-2.25255681818182,-102.252556818182
-313,-2.25255681818182,-102.252556818182
-312,-2.25255681818182,-102.252556818182
-311,-2.25255681818182,-102.252556818182
-310,-2.25255681818182,-102.252556818182
-309,-2.25255681818182,-102.252556818182
-308,-2.25255681818182,-102.252556818182
-307,-2.25255681818182,-102.252556818182
-306,-2.25255681818182,-102.252556818182
-305,-2.25255681818182,-102.252556818182
-304,-2.25255681818182,-102.252556818182
-303,-2.25255681818182,-102.252556818182
-302,-2.25255681818182,-102.252556818182
-301,-2.25255681818182,-102.252556818182
-300,-2.25255681818182,-102.252556818182
-299,-2.25255681818182,-102.252556818182
-298,-2.25255681818182,-102.252556818182
-297,-2.25255681818182,-102.252556818182
-296,-2.25255681818182,-102.252556818182
-295,-2.25255681818182,-102.252556818182
-294,-2.25255681818182,-102.252556818182
-293,-2.25255681818182,-102.252556818182
-292,-2.25255681818182,-102.252556818182
-291,-2.25255681818182,-102.252556818182
-290,-2.25255681818182,-102.252556818182
-289,-2.25255681818182,-102.252556818182
-288,-2.25255681818182,-102.252556818182
-287,-2.25255681818182,-102.252556818182
-286,-2.25255681818182,-102.252556818182
-285,-2.25255681818182,-102.252556818182
-284,-2.25255681818182,-102.252556818182
-283,-2.25255681818182,-102.252556818182
-282,-2.25255681818182,-102.252556818182
-281,-2.25255681818182,-102.252556818182
-280,-2.25255681818182,-102.252556818182
-279,-2.25255681818182,-102.252556818182
-278,-2.25255681818182,-102.252556818182
-277,-2.25255681818182,-102.252556818182
-276,-2.25255681818182,-102.252556818182
-275,-2.25255681818182,-102.252556818182
-274,-2.25255681818182,-102.252556818182
-273,-2.25255681818182,-102.252556818182
-272,-2.25255681818182,-102.252556818182
-271,-2.25255681818182,-102.252556818182
-270,-2.25255681818182,-102.252556818182
-269,-2.25255681818182,-102.252556818182
-268,-2.25255681818182,-102.252556818182
-267,-2.25255681818182,-102.252556818182
-266,-2.25255681818182,-102.252556818182
-265,-2.25255681818182,-102.252556818182
-264,-2.25255681818182,-102.252556818182
-263,-2.25255681818182,-102.252556818182
-262,-2.25255681818182,-102.252556818182
-261,-2.25255681818182,-102.252556818182
-260,-2.25255681818182,-102.252556818182
-259,-2.25255681818182,-102.252556818182
-258,-2.25255681818182,-102.252556818182
-257,-2.25255681818182,-102.252556818182
-256,-2.25255681818182,-102.252556818182
-255,-2.25255681818182,-102.252556818182
-254,-2.25255681818182,-102.252556818182
-253,-2.25255681818182,-102.252556818182
-252,-2.25255681818182,-102.252556818182
-251,-2.25255681818182,-102.252556818182
-250,-2.25255681818182,-102.252556818182
-249,-2.25255681818182,-102.252556818182
-248,-2.25255681818182,-102.252556818182
-247,-2.25255681818182,-102.252556818182
-246,-2.25255681818182,-102.252556818182
-245,-2.25255681818182,-102.252556818182
-244,-2.25255681818182,-102.252556818182
-243,-2.25255681818182,-102.252556818182
-242,-2.25255681818182,-102.252556818182
-241,-2.25255681818182,-102.252556818182
-240,-2.25255681818182,-102.252556818182
-239,-2.25255681818182,-102.252556818182
-238,-2.25255681818182,-102.252556818182
-237,-2.25255681818182,-102.252556818182
-236,-2.25255681818182,-102.252556818182
-235,-2.25255681818182,-102.252556818182
-234,-2.25255681818182,-102.252556818182
-233,-2.25255681818182,-102.252556818182
-232,-2.25255681818182,-102.252556818182
-231,-2.25255681818182,-102.252556818182
-230,-2.25255681818182,-102.252556818182
-229,-2.25255681818182,-102.252556818182
-228,-2.25255681818182,-102.252556818182
-227,-2.25255681818182,-102.252556818182
-226,-2.25255681818182,-102.252556818182
-225,-2.25255681818182,-102.252556818182
-224,-2.25255681818182,-102.252556818182
-223,-2.25255681818182,-102.252556818182
-222,-2.25255681818182,-102.252556818182
-221,-2.25255681818182,-102.252556818182
-220,-2.25255681818182,-102.252556818182
-219,-2.25255681818182,-102.252556818182
-218,-2.25255681818182,-102.252556818182
-217,-2.25255681818182,-102.252556818182
-216,-2.25255681818182,-102.252556818182
-215,-2.25255681818182,-102.252556818182
-214,-2.25255681818182,-102.252556818182
-213,-2.25255681818182,-102.252556818182
-212,-2.25255681818182,-102.252556818182
-211,-2.25255681818182,-102.252556818182
-210,-2.25255681818182,-102.252556818182
-209,-2.25255681818182,-102.252556818182
-208,-2.25255681818182,-102.252556818182
-207,-2.25255681818182,-102.252556818182
-206,-2.25255681818182,-102.252556818182
-205,-2.25255681818182,-102.252556818182
-204,-2.25255681818182,-102.252556818182
-203,-2.25255681818182,-102.252556818182
-202,-2.25255681818182,-102.252556818182
-201,-2.25255681818182,-102.252556818182
-200,-2.25255681818182,-102.252556818182
-199,-2.21873863636364,-102.218738636364
-198,-2.18492045454546,-102.184920454545
-197,-2.15110227272728,-102.151102272727
-196,-2.1172840909091,-102.117284090909
-195,-2.08346590909091,-102.083465909091
-194,-2.04964772727273,-102.049647727273
-193,-2.01582954545455,-102.015829545455
-192,-1.98201136363637,-101.982011363636
-191,-1.94819318181818,-101.948193181818
-190,-1.914375,-101.914375
-189,-1.88055681818182,-101.880556818182
-188,-1.84673863636364,-101.846738636364
-187,-1.81292045454545,-101.812920454545
-186,-1.77910227272727,-101.779102272727
-185,-1.74528409090909,-101.745284090909
-184,-1.71146590909091,-101.711465909091
-183,-1.67764772727273,-101.677647727273
-182,-1.64382954545454,-101.643829545455
-181,-1.61001136363636,-101.610011363636
-180,-1.57619318181818,-101.576193181818
-179,-1.60217847593583,-101.602178475936
-178,-1.62816377005347,-101.628163770053
-177,-1.65414906417112,-101.654149064171
-176,-1.68013435828877,-101.680134358289
-175,-1.70611965240641,-101.706119652406
-174,-1.73210494652406,-101.732104946524
-173,-1.75809024064171,-101.758090240642
-172,-1.78407553475935,-101.784075534759
-171,-1.810060828877,-101.810060828877
-170,-1.83604612299465,-101.836046122995
-169,-1.87583221925133,-101.875832219251
-168,-1.91561831550802,-101.915618315508
-167,-1.9554044117647,-101.955404411765
-166,-1.99519050802139,-101.995190508021
-165,-2.03497660427807,-102.034976604278
-164,-2.07476270053476,-102.074762700535
-163,-2.11454879679144,-102.114548796791
-162,-2.15433489304813,-102.154334893048
-161,-2.19412098930481,-102.194120989305
-160,-2.2339070855615,-102.233907085561
-159,-2.25965920615895,-102.259659206159
-158,-2.28541132675641,-102.285411326756
-157,-2.31116344735386,-102.311163447354
-156,-2.33691556795132,-102.336915567951
-155,-2.36266768854877,-102.362667688549
-154,-2.38841980914623,-102.388419809146
-153,-2.41417192974368,-102.414171929744
-152,-2.43992405034114,-102.439924050341
-151,-2.4656761709386,-102.465676170939
-150,-2.49142829153605,-102.491428291536
-149,-2.49725901253919,-102.497259012539
-148,-2.50308973354232,-102.503089733542
-147,-2.50892045454546,-102.508920454545
-146,-2.51475117554859,-102.514751175549
-145,-2.52058189655173,-102.520581896552
-144,-2.52641261755486,-102.526412617555
-143,-2.532243338558,-102.532243338558
-142,-2.53807405956113,-102.538074059561
-141,-2.54390478056427,-102.543904780564
-140,-2.5497355015674,-102.549735501567
-139,-2.55556622257054,-102.555566222571
-138,-2.56139694357367,-102.561396943574
-137,-2.56722766457681,-102.567227664577
-136,-2.57305838557994,-102.57305838558
-135,-2.57888910658308,-102.578889106583
-134,-2.58471982758621,-102.584719827586
-133,-2.59055054858934,-102.590550548589
-132,-2.59638126959248,-102.596381269592
-131,-2.60221199059561,-102.602211990596
-130,-2.60804271159875,-102.608042711599
-129,-2.61387343260188,-102.613873432602
-128,-2.61970415360502,-102.619704153605
-127,-2.62553487460815,-102.625534874608
-126,-2.63136559561129,-102.631365595611
-125,-2.63719631661442,-102.637196316614
-124,-2.64302703761756,-102.643027037618
-123,-2.64885775862069,-102.648857758621
-122,-2.65468847962383,-102.654688479624
-121,-2.66051920062696,-102.660519200627
-120,-2.6663499216301,-102.66634992163
-119,-2.68078285302081,-102.680782853021
-118,-2.69521578441152,-102.695215784412
-117,-2.70964871580223,-102.709648715802
-116,-2.72408164719294,-102.724081647193
-115,-2.73851457858365,-102.738514578584
-114,-2.75294750997436,-102.752947509974
-113,-2.76738044136507,-102.767380441365
-112,-2.78181337275578,-102.781813372756
-111,-2.79624630414648,-102.796246304146
-110,-2.81067923553719,-102.810679235537
-109,-2.84334452479339,-102.843344524793
-108,-2.87600981404959,-102.87600981405
-107,-2.90867510330579,-102.908675103306
-106,-2.94134039256199,-102.941340392562
-105,-2.97400568181819,-102.974005681818
-104,-3.00667097107438,-103.006670971074
-103,-3.03933626033058,-103.039336260331
-102,-3.07200154958678,-103.072001549587
-101,-3.10466683884298,-103.104666838843
-100,-3.13733212809918,-103.137332128099
-99,-3.16999741735538,-103.169997417355
-98,-3.20266270661157,-103.202662706612
-97,-3.23532799586777,-103.235327995868
-96,-3.26799328512397,-103.267993285124
-95,-3.30065857438017,-103.30065857438
-94,-3.33332386363637,-103.333323863636
-93,-3.36598915289257,-103.365989152893
-92,-3.39865444214876,-103.398654442149
-91,-3.43131973140496,-103.431319731405
-90,-3.46398502066116,-103.463985020661
-89,-3.48539464796567,-103.485394647966
-88,-3.50680427527019,-103.50680427527
-87,-3.5282139025747,-103.528213902575
-86,-3.54962352987921,-103.549623529879
-85,-3.57103315718373,-103.571033157184
-84,-3.59244278448824,-103.592442784488
-83,-3.61385241179276,-103.613852411793
-82,-3.63526203909727,-103.635262039097
-81,-3.65667166640178,-103.656671666402
-80,-3.6780812937063,-103.678081293706
-79,-3.65857080419581,-103.658570804196
-78,-3.63906031468532,-103.639060314685
-77,-3.61954982517483,-103.619549825175
-76,-3.60003933566434,-103.600039335664
-75,-3.58052884615385,-103.580528846154
-74,-3.56101835664336,-103.561018356643
-73,-3.54150786713287,-103.541507867133
-72,-3.52199737762238,-103.521997377622
-71,-3.50248688811189,-103.502486888112
-70,-3.4829763986014,-103.482976398601
-69,-3.45709353146854,-103.457093531469
-68,-3.43121066433567,-103.431210664336
-67,-3.4053277972028,-103.405327797203
-66,-3.37944493006993,-103.37944493007
-65,-3.35356206293707,-103.353562062937
-64,-3.3276791958042,-103.327679195804
-63,-3.30179632867133,-103.301796328671
-62,-3.27591346153847,-103.275913461538
-61,-3.2500305944056,-103.250030594406
-60,-3.22414772727273,-103.224147727273
-59,-3.18791396103897,-103.187913961039
-58,-3.1516801948052,-103.151680194805
-57,-3.11544642857143,-103.115446428571
-56,-3.07921266233767,-103.079212662338
-55,-3.0429788961039,-103.042978896104
-54,-3.00674512987013,-103.00674512987
-53,-2.97051136363637,-102.970511363636
-52,-2.9342775974026,-102.934277597403
-51,-2.89804383116883,-102.898043831169
-50,-2.86181006493507,-102.861810064935
-49,-2.8255762987013,-102.825576298701
-48,-2.78934253246754,-102.789342532468
-47,-2.75310876623377,-102.753108766234
-46,-2.716875,-102.716875
-45,-2.68064123376624,-102.680641233766
-44,-2.64440746753247,-102.644407467532
-43,-2.6081737012987,-102.608173701299
-42,-2.57193993506494,-102.571939935065
-41,-2.53570616883117,-102.535706168831
-40,-2.4994724025974,-102.499472402597
-39,-2.45819805194805,-102.458198051948
-38,-2.4169237012987,-102.416923701299
-37,-2.37564935064935,-102.375649350649
-36,-2.334375,-102.334375
-35,-2.29310064935065,-102.293100649351
-34,-2.2518262987013,-102.251826298701
-33,-2.21055194805195,-102.210551948052
-32,-2.1692775974026,-102.169277597403
-31,-2.12800324675325,-102.128003246753
-30,-2.0867288961039,-102.086728896104
-29,-2.03841720779221,-102.038417207792
-28,-1.99010551948052,-101.990105519481
-27,-1.94179383116883,-101.941793831169
-26,-1.89348214285714,-101.893482142857
-25,-1.84517045454545,-101.845170454545
-24,-1.79685876623377,-101.796858766234
-23,-1.74854707792208,-101.748547077922
-22,-1.70023538961039,-101.70023538961
-21,-1.6519237012987,-101.651923701299
-20,-1.60361201298701,-101.603612012987
-19,-1.55530032467532,-101.555300324675
-18,-1.50698863636363,-101.506988636364
-17,-1.45867694805195,-101.458676948052
-16,-1.41036525974026,-101.41036525974
-15,-1.36205357142857,-101.362053571429
-14,-1.31374188311688,-101.313741883117
-13,-1.26543019480519,-101.265430194805
-12,-1.2171185064935,-101.217118506494
-11,-1.16880681818182,-101.168806818182
-10,-1.12049512987013,-101.12049512987
-9,-1.07492288961039,-101.07492288961
-8,-1.02935064935065,-101.029350649351
-7,-0.983778409090906,-100.983778409091
-6,-0.938206168831165,-100.938206168831
-5,-0.892633928571425,-100.892633928571
-4,-0.847061688311685,-100.847061688312
-3,-0.801489448051944,-100.801489448052
-2,-0.755917207792204,-100.755917207792
-1,-0.710344967532464,-100.710344967532
0,-0.664772727272724,-100.664772727273
1,-0.622499999999996,-100.6225
2,-0.580227272727269,-100.580227272727
3,-0.537954545454542,-100.537954545455
4,-0.495681818181815,-100.495681818182
5,-0.453409090909088,-100.453409090909
6,-0.411136363636361,-100.411136363636
7,-0.368863636363634,-100.368863636364
8,-0.326590909090906,-100.326590909091
9,-0.284318181818179,-100.284318181818
10,-0.242045454545452,-100.242045454545
11,-0.0135471027227281,-100.013547102723
12,0.214951249099996,-99.7850487509
13,0.44344960092272,-99.5565503990773
14,0.671947952745444,-99.3280520472546
15,0.900446304568168,-99.0995536954318
16,1.12894465639089,-98.8710553436091
17,1.35744300821362,-98.6425569917864
18,1.58594136003634,-98.4140586399637
19,1.81443971185906,-98.1855602881409
20,2.04293806368179,-97.9570619363182
21,2.08680098889501,-97.913199011105
22,2.13066391410824,-97.8693360858918
23,2.17452683932147,-97.8254731606785
24,2.2183897645347,-97.7816102354653
25,2.26225268974792,-97.7377473102521
26,2.30611561496115,-97.6938843850389
27,2.34997854017438,-97.6500214598256
28,2.3938414653876,-97.6061585346124
29,2.43770439060083,-97.5622956093992
30,2.48156731581406,-97.5184326841859
31,2.48909543059605,-97.5109045694039
32,2.49662354537804,-97.503376454622
33,2.50415166016003,-97.49584833984
34,2.51167977494202,-97.488320225058
35,2.51920788972401,-97.480792110276
36,2.526736004506,-97.473263995494
37,2.53426411928799,-97.465735880712
38,2.54179223406998,-97.45820776593
39,2.54932034885197,-97.450679651148
40,2.55684846363396,-97.443151536366
41,2.54225048791275,-97.4577495120872
42,2.52765251219154,-97.4723474878085
43,2.51305453647032,-97.4869454635297
44,2.49845656074911,-97.5015434392509
45,2.4838585850279,-97.5161414149721
46,2.46926060930668,-97.5307393906933
47,2.45466263358547,-97.5453373664145
48,2.44006465786426,-97.5599353421357
49,2.42546668214304,-97.574533317857
50,2.41086870642183,-97.5891312935782
52.4559378251821,2.58173793419696,-97.418262065803
54.4021527055151,2.63339734036456,-97.3666026596354
57.1678264828303,2.54041040926288,-97.4595895907371
60.5480944328824,2.602401696664,-97.397598303336
63.1089034859521,2.51974664679584,-97.4802533532042
65.6697125390218,2.56107417172992,-97.4389258282701
67.513495057232,2.49908288432879,-97.5009171156712
68.8451157648283,2.42675971569415,-97.5732402843059
70.3816011966701,2.47841912186175,-97.5215808781383
71.7132219042664,2.41642783446063,-97.5835721655394
72.6351131633715,2.41642783446063,-97.5835721655394
73.9667338709677,2.47841912186175,-97.5215808781383
75,2.43726354453627,-97.5627364554637
76,2.19656968962351,-97.8034303103765
77,1.82652909458218,-98.1734709054178
78,1.45648849954085,-98.5435115004591
79,1.16050760330578,-98.8394923966942
80,0.976431286894915,-99.0235687131051
81,0.792354970484054,-99.2076450295159
82,0.608278654073193,-99.3917213459268
83,0.424202337662332,-99.5757976623377
84,0.24012602125147,-99.7598739787485
85,0.056049704840609,-99.9439502951594
86,-0.128026611570252,-100.12802661157
87,-0.312102927981113,-100.312102927981
88,-0.507777485242035,-100.507777485242
89,-0.713093376623381,-100.713093376623
90,-0.918409268004728,-100.918409268005
91,-1.12372515938607,-101.123725159386
92,-1.32904105076742,-101.329041050767
93,-1.53435694214877,-101.534356942149
94,-1.73967283353011,-101.73967283353
95,-1.94498872491146,-101.944988724911
96,-2.15030461629281,-102.150304616293
97,-2.2711527052289,-102.271152705229
98,-2.35473742414549,-102.354737424145
99,-2.43832214306207,-102.438322143062
100,-2.52190686197866,-102.521906861979
101,-2.60549158089525,-102.605491580895
102,-2.68907629981183,-102.689076299812
103,-2.77266101872842,-102.772661018728
104,-2.85624573764501,-102.856245737645
105,-2.93983045656159,-102.939830456562
106,-3.02341517547818,-103.023415175478
107,-3.10699989439477,-103.106999894395
108,-3.19058461331135,-103.190584613311
109,-3.27416933222794,-103.274169332228
110,-3.35775405114453,-103.357754051145
111,-3.43180759054357,-103.431807590544
112,-3.50586112994261,-103.505861129943
113,-3.57991466934165,-103.579914669342
114,-3.65396820874069,-103.653968208741
115,-3.72802174813973,-103.72802174814
116,-3.80207528753877,-103.802075287539
117,-3.87612882693781,-103.876128826938
118,-3.95018236633685,-103.950182366337
119,-4.02423590573589,-104.024235905736
120,-4.09828944513493,-104.098289445135
121,-4.13778098032966,-104.13778098033
122,-4.17727251552439,-104.177272515524
123,-4.21676405071912,-104.216764050719
124,-4.25625558591385,-104.256255585914
125,-4.29574712110858,-104.295747121109
126,-4.33523865630332,-104.335238656303
127,-4.37473019149805,-104.374730191498
128,-4.41422172669278,-104.414221726693
129,-4.45371326188751,-104.453713261888
130,-4.49320479708224,-104.493204797082
131,-4.53350804943368,-104.533508049434
132,-4.57381130178512,-104.573811301785
133,-4.61411455413656,-104.614114554137
134,-4.654417806488,-104.654417806488
135,-4.69472105883944,-104.694721058839
136,-4.73502431119088,-104.735024311191
137,-4.77532756354232,-104.775327563542
138,-4.81563081589376,-104.815630815894
139,-4.8559340682452,-104.855934068245
140,-4.89623732059664,-104.896237320597
141,-4.97416446758517,-104.974164467585
142,-5.0520916145737,-105.052091614574
143,-5.13001876156223,-105.130018761562
144,-5.20794590855077,-105.207945908551
145,-5.2858730555393,-105.285873055539
146,-5.36380020252783,-105.363800202528
147,-5.44172734951636,-105.441727349516
148,-5.51965449650489,-105.519654496505
149,-5.59758164349342,-105.597581643493
150,-5.67550879048195,-105.675508790482
151,-5.73357866514637,-105.733578665146
152,-5.79164853981079,-105.791648539811
153,-5.8497184144752,-105.849718414475
154,-5.90778828913962,-105.90778828914
155,-5.96585816380404,-105.965858163804
156,-6.02392803846845,-106.023928038468
157,-6.08199791313287,-106.081997913133
158,-6.14006778779729,-106.140067787797
159,-6.19813766246171,-106.198137662462
160,-6.25620753712612,-106.256207537126
161,-6.30864459555517,-106.308644595555
162,-6.36108165398422,-106.361081653984
163,-6.41351871241326,-106.413518712413
164,-6.46595577084231,-106.465955770842
165,-6.51839282927135,-106.518392829271
166,-6.5708298877004,-106.5708298877
167,-6.62326694612944,-106.623266946129
168,-6.67570400455849,-106.675704004558
169,-6.72814106298754,-106.728141062988
170,-6.78057812141658,-106.780578121417
171,-6.89246657252204,-106.892466572522
172,-7.00435502362751,-107.004355023628
173,-7.11624347473297,-107.116243474733
174,-7.22813192583843,-107.228131925838
175,-7.34002037694389,-107.340020376944
176,-7.45190882804935,-107.451908828049
177,-7.56379727915482,-107.563797279155
178,-7.67568573026028,-107.67568573026
179,-7.78757418136574,-107.787574181366
180,-7.8994626324712,-107.899462632471
181,-8.0524563287094,-108.052456328709
182,-8.2054500249476,-108.205450024948
183,-8.3584437211858,-108.358443721186
184,-8.511437417424,-108.511437417424
185,-8.6644311136622,-108.664431113662
186,-8.81742480990039,-108.8174248099
187,-8.97041850613859,-108.970418506139
188,-9.12341220237679,-109.123412202377
189,-9.27640589861499,-109.276405898615
190,-9.42939959485319,-109.429399594853
191,-9.53985561899515,-109.539855618995
192,-9.65031164313712,-109.650311643137
193,-9.76076766727908,-109.760767667279
194,-9.87122369142105,-109.871223691421
195,-9.98167971556301,-109.981679715563
196,-10.092135739705,-110.092135739705
197,-10.2025917638469,-110.202591763847
198,-10.3130477879889,-110.313047787989
199,-10.4235038121309,-110.423503812131
200,-10.5339598362728,-110.533959836273
201,-10.5493860926122,-110.549386092612
202,-10.5648123489515,-110.564812348952
203,-10.5802386052909,-110.580238605291
204,-10.5956648616302,-110.59566486163
205,-10.6110911179695,-110.61109111797
206,-10.6265173743089,-110.626517374309
207,-10.6419436306482,-110.641943630648
208,-10.6573698869876,-110.657369886988
209,-10.6727961433269,-110.672796143327
210,-10.6882223996662,-110.688222399666
211,-10.7022063105088,-110.702206310509
212,-10.7161902213513,-110.716190221351
213,-10.7301741321939,-110.730174132194
214,-10.7441580430364,-110.744158043036
215,-10.758141953879,-110.758141953879
216,-10.7721258647215,-110.772125864722
217,-10.7861097755641,-110.786109775564
218,-10.8000936864066,-110.800093686407
219,-10.8140775972492,-110.814077597249
220,-10.8280615080917,-110.828061508092
221,-10.7076214304253,-110.707621430425
222,-10.5871813527589,-10.5871813527589
223,-10.4667412750925,-10.4667412750925
224,-10.3463011974261,-10.3463011974261
225,-10.2258611197597,-10.2258611197597
226,-10.1054210420932,-10.1054210420932
227,-9.98498096442683,-9.98498096442683
228,-9.86454088676041,-9.86454088676041
229,-9.744100809094,-9.744100809094
230,-9.62366073142759,-9.62366073142759
231,-9.45189220740318,-9.45189220740318
232,-9.28012368337877,-9.28012368337877
233,-9.10835515935436,-9.10835515935436
234,-8.93658663532995,-8.93658663532995
235,-8.76481811130554,-8.76481811130554
236,-8.59304958728113,-8.59304958728113
237,-8.42128106325672,-8.42128106325672
238,-8.24951253923231,-8.24951253923231
239,-8.0777440152079,-8.0777440152079
240,-7.90597549118349,-7.90597549118349
241,-7.76291346986477,-7.76291346986477
242,-7.61985144854604,-7.61985144854604
243,-7.47678942722732,-7.47678942722732
244,-7.3337274059086,-7.3337274059086
245,-7.19066538458987,-7.19066538458987
246,-7.04760336327115,-7.04760336327115
247,-6.90454134195243,-6.90454134195243
248,-6.7614793206337,-6.7614793206337
249,-6.61841729931498,-6.61841729931498
250,-6.47535527799625,-6.47535527799625
251,-6.40953813341106,-6.40953813341106
252,-6.34372098882588,-6.34372098882588
253,-6.27790384424068,-6.27790384424068
254,-6.21208669965549,-6.21208669965549
255,-6.1462695550703,-6.1462695550703
256,-6.08045241048511,-6.08045241048511
257,-6.01463526589992,-6.01463526589992
258,-5.94881812131473,-5.94881812131473
259,-5.88300097672954,-5.88300097672954
260,-5.81718383214435,-5.81718383214435
261,-5.80634510572103,-5.80634510572103
262,-5.79550637929772,-5.79550637929772
263,-5.7846676528744,-5.7846676528744
264,-5.77382892645108,-5.77382892645108
265,-5.76299020002776,-5.76299020002776
266,-5.75215147360444,-5.75215147360444
267,-5.74131274718112,-5.74131274718112
268,-5.7304740207578,-5.7304740207578
269,-5.71963529433448,-5.71963529433448
270,-5.70879656791116,-5.70879656791116
271,-5.74813132856541,-5.74813132856541
272,-5.78746608921966,-5.78746608921966
273,-5.82680084987391,-5.82680084987391
274,-5.86613561052816,-5.86613561052816
275,-5.9054703711824,-5.9054703711824
276,-5.94480513183665,-5.94480513183665
277,-5.9841398924909,-5.9841398924909
278,-6.02347465314515,-6.02347465314515
279,-6.06280941379939,-6.06280941379939
280,-6.10214417445364,-6.10214417445364
281,-6.14608910647821,-6.14608910647821
282,-6.19003403850278,-6.19003403850278
283,-6.23397897052734,-6.23397897052734
284,-6.27792390255191,-6.27792390255191
285,-6.32186883457647,-6.32186883457647
286,-6.36581376660104,-6.36581376660104
287,-6.40975869862561,-6.40975869862561
288,-6.45370363065017,-6.45370363065017
289,-6.49764856267474,-6.49764856267474
290,-6.54159349469931,-6.54159349469931
291,-6.56105029881026,-6.56105029881026
292,-6.58050710292122,-6.58050710292122
293,-6.59996390703217,-6.59996390703217
294,-6.61942071114313,-6.61942071114313
295,-6.63887751525409,-6.63887751525409
296,-6.65833431936504,-6.65833431936504
297,-6.677791123476,-6.677791123476
298,-6.69724792758695,-6.69724792758695
299,-6.71670473169791,-6.71670473169791
300,-6.73616153580887,-6.73616153580887
301,-6.87725176171306,-6.87725176171306
302,-7.01834198761726,-7.01834198761726
303,-7.15943221352146,-7.15943221352146
304,-7.30052243942565,-7.30052243942565
305,-7.44161266532985,-7.44161266532985
306,-7.58270289123405,-7.58270289123405
307,-7.72379311713824,-7.72379311713824
308,-7.86488334304244,-7.86488334304244
309,-8.00597356894664,-8.00597356894664
310,-8.14706379485084,-8.14706379485084
311,-8.50851623273164,-8.50851623273164
312,-8.86996867061245,-8.86996867061245
313,-9.23142110849326,-9.23142110849326
314,-9.59287354637407,-9.59287354637407
315,-9.95432598425488,-9.95432598425488
316,-10.3157784221357,-10.3157784221357
317,-10.6772308600165,-10.6772308600165
318,-11.0386832978973,-11.0386832978973
319,-11.4001357357781,-11.4001357357781
320,-11.7615881736589,-11.7615881736589
321,-11.8042589295136,-11.8042589295136
322,-11.8469296853684,-11.8469296853684
323,-11.8896004412231,-11.8896004412231
324,-11.9322711970778,-11.9322711970778
325,-11.9749419529325,-11.9749419529325
326,-12.0176127087872,-12.0176127087872
327,-12.0602834646419,-112.060283464642
328,-12.1029542204967,-112.102954220497
329,-12.1456249763514,-112.145624976351
330,-12.1882957322061,-112.188295732206
331,-12.2329504989665,-112.232950498967
332,-12.2776052657269,-112.277605265727
333,-12.3222600324873,-112.322260032487
334,-12.3669147992477,-112.366914799248
335,-12.4115695660081,-112.411569566008
336,-12.4562243327685,-112.456224332769
337,-12.5008790995289,-112.500879099529
338,-12.5455338662893,-112.545533866289
339,-12.5901886330497,-112.59018863305
340,-12.6348433998102,-112.63484339981
341,-12.6794981665706,-112.679498166571
342,-12.724152933331,-112.724152933331
343,-12.7688077000914,-112.768807700091
344,-12.8134624668518,-112.813462466852
345,-12.8581172336122,-112.858117233612
346,-12.9027720003726,-112.902772000373
347,-12.947426767133,-112.947426767133
348,-12.9920815338934,-112.992081533893
349,-13.0367363006538,-113.036736300654
350,-13.0813910674142,-113.081391067414
351,-13.1266799791163,-113.126679979116
352,-13.1719688908184,-113.171968890818
353,-13.2172578025205,-113.21725780252
354,-13.2625467142226,-113.262546714223
355,-13.3078356259247,-113.307835625925
356,-13.3531245376268,-113.353124537627
357,-13.3984134493289,-113.398413449329
358,-13.443702361031,-113.443702361031
359,-13.4889912727331,-113.488991272733
360,-13.5342801844352,-113.534280184435
361,-13.5822566798258,-113.582256679826
362,-13.6302331752164,-113.630233175216
363,-13.6782096706071,-113.678209670607
364,-13.7261861659977,-113.726186165998
365,-13.7741626613883,-113.774162661388
366,-13.8221391567789,-113.822139156779
367,-13.8701156521696,-113.87011565217
368,-13.9180921475602,-113.91809214756
369,-13.9660686429508,-113.966068642951
370,-14.0140451383414,-114.014045138341
371,-14.0620216337321,-114.062021633732
372,-14.1099981291227,-114.109998129123
373,-14.1579746245133,-114.157974624513
374,-14.2059511199039,-114.205951119904
375,-14.2539276152946,-114.253927615295
376,-14.3019041106852,-114.301904110685
377,-14.3498806060758,-114.349880606076
378,-14.3978571014664,-114.397857101466
379,-14.4458335968571,-114.445833596857
380,-14.4938100922477,-114.493810092248
381,-14.5417865876383,-114.541786587638
382,-14.5897630830289,-114.589763083029
383,-14.6377395784196,-114.63773957842
384,-14.6857160738102,-114.68571607381
385,-14.7336925692008,-114.733692569201
386,-14.7816690645914,-114.781669064591
387,-14.8296455599821,-114.829645559982
388,-14.8776220553727,-114.877622055373
389,-14.9255985507633,-114.925598550763
390,-14.9735750461539,-114.973575046154
391,-15.0215515415446,-115.021551541545
392,-15.0695280369352,-115.069528036935
393,-15.1175045323258,-115.117504532326
394,-15.1654810277164,-115.165481027716
395,-15.213457523107,-115.213457523107
396,-15.2614340184977,-115.261434018498
397,-15.3094105138883,-115.309410513888
398,-15.3573870092789,-115.357387009279
399,-15.4053635046695,-115.40536350467
400,-15.4533400000602,-115.45334000006
401,-15.4819770605353,-115.481977060535
402,-15.5106141210104,-115.51061412101
403,-15.5392511814855,-115.539251181486
404,-15.5678882419607,-115.567888241961
405,-15.5965253024358,-115.596525302436
406,-15.6251623629109,-115.625162362911
407,-15.653799423386,-115.653799423386
408,-15.6824364838612,-115.682436483861
409,-15.7110735443363,-115.711073544336
410,-15.7397106048114,-115.739710604811
411,-15.7546747021833,-115.754674702183
412,-15.7696387995551,-115.769638799555
413,-15.7846028969269,-115.784602896927
414,-15.7995669942988,-115.799566994299
415,-15.8145310916706,-115.814531091671
416,-15.8294951890424,-115.829495189042
417,-15.8444592864143,-115.844459286414
418,-15.8594233837861,-115.859423383786
419,-15.874387481158,-115.874387481158
420,-15.8893515785298,-115.88935157853
421,-15.9043156759016,-115.904315675902
422,-15.9192797732735,-115.919279773273
423,-15.9342438706453,-115.934243870645
424,-15.9492079680171,-115.949207968017
425,-15.964172065389,-115.964172065389
426,-15.9791361627608,-115.979136162761
427,-15.9941002601327,-115.994100260133
428,-16.0090643575045,-116.009064357504
429,-16.0240284548763,-116.024028454876
430,-16.0389925522482,-116.038992552248
431,-16.05395664962,-116.05395664962
432,-16.0689207469918,-116.068920746992
433,-16.0838848443637,-116.083884844364
434,-16.0988489417355,-116.098848941736
435,-16.1138130391074,-116.113813039107
436,-16.1287771364792,-116.128777136479
437,-16.143741233851,-116.143741233851
438,-16.1587053312229,-116.158705331223
439,-16.1736694285947,-116.173669428595
440,-16.1886335259665,-116.188633525967
441,-16.1882391426553,-116.188239142655
442,-16.187844759344,-116.187844759344
443,-16.1874503760328,-116.187450376033
444,-16.1870559927215,-116.187055992721
445,-16.1866616094102,-116.18666160941
446,-16.186267226099,-116.186267226099
447,-16.1858728427877,-116.185872842788
448,-16.1854784594765,-116.185478459476
449,-16.1850840761652,-116.185084076165
450,-16.1846896928539,-16.1846896928539
451,-16.1578534948382,-16.1578534948382
452,-16.1310172968224,-16.1310172968224
453,-16.1041810988066,-16.1041810988066
454,-16.0773449007909,-16.0773449007909
455,-16.0505087027751,-16.0505087027751
456,-16.0236725047593,-16.0236725047593
457,-15.9968363067435,-15.9968363067435
458,-15.9700001087278,-15.9700001087278
459,-15.943163910712,-15.943163910712
460,-15.9163277126962,-15.9163277126962
461,-15.8894915146805,-15.8894915146805
462,-15.8626553166647,-15.8626553166647
463,-15.8358191186489,-15.8358191186489
464,-15.8089829206331,-15.8089829206331
465,-15.7821467226174,-15.7821467226174
466,-15.7553105246016,-15.7553105246016
467,-15.7284743265858,-15.7284743265858
468,-15.7016381285701,-15.7016381285701
469,-15.6748019305543,-15.6748019305543
470,-15.6479657325385,-15.6479657325385
471,-15.6211295345227,-15.6211295345227
472,-15.594293336507,-15.594293336507
473,-15.5674571384912,-15.5674571384912
474,-15.5406209404754,-15.5406209404754
475,-15.5137847424597,-15.5137847424597
476,-15.4869485444439,-15.4869485444439
477,-15.4601123464281,-15.4601123464281
478,-15.4332761484123,-15.4332761484123
479,-15.4064399503966,-15.4064399503966
480,-15.3796037523808,-15.3796037523808
481,-15.352767554365,-15.352767554365
482,-15.3259313563493,-15.3259313563493
483,-15.2990951583335,-15.2990951583335
484,-15.2722589603177,-15.2722589603177
485,-15.2454227623019,-15.2454227623019
486,-15.2185865642862,-15.2185865642862
487,-15.1917503662704,-15.1917503662704
488,-15.1649141682546,-15.1649141682546
489,-15.1380779702389,-15.1380779702389
490,-15.1112417722231,-15.1112417722231
491,-15.0844055742073,-15.0844055742073
492,-15.0575693761916,-15.0575693761916
493,-15.0307331781758,-15.0307331781758
494,-15.00389698016,-15.00389698016
495,-14.9770607821442,-14.9770607821442
496,-14.9502245841285,-14.9502245841285
497,-14.9233883861127,-14.9233883861127
498,-14.8965521880969,-14.8965521880969
499,-14.8697159900812,-14.8697159900812
500,-14.8428797920654,-14.8428797920654
501,-14.8166538364557,-14.8166538364557
502,-14.790427880846,-14.790427880846
503,-14.7642019252363,-14.7642019252363
504,-14.7379759696266,-14.7379759696266
505,-14.711750014017,-14.711750014017
506,-14.6855240584073,-14.6855240584073
507,-14.6592981027976,-14.6592981027976
508,-14.6330721471879,-14.6330721471879
509,-14.6068461915782,-14.6068461915782
510,-14.5806202359686,-14.5806202359686
511,-14.555497202464,-14.555497202464
512,-14.5303741689595,-14.5303741689595
513,-14.5052511354549,-14.5052511354549
514,-14.4801281019504,-14.4801281019504
515,-14.4550050684458,-14.4550050684458
516,-14.4298820349413,-14.4298820349413
517,-14.4047590014368,-14.4047590014368
518,-14.3796359679322,-14.3796359679322
519,-14.3545129344277,-14.3545129344277
520,-14.3293899009231,-14.3293899009231
521,-14.3042668674186,-14.3042668674186
522,-14.279143833914,-14.279143833914
523,-14.2540208004095,-14.2540208004095
524,-14.228897766905,-14.228897766905
525,-14.2037747334004,-14.2037747334004
526,-14.1786516998959,-14.1786516998959
527,-14.1535286663913,-14.1535286663913
528,-14.1284056328868,-14.1284056328868
529,-14.1032825993822,-14.1032825993822
530,-14.0781595658777,-14.0781595658777
531,-14.074036800369,-14.074036800369
532,-14.0699140348603,-14.0699140348603
533,-14.0657912693516,-14.0657912693516
534,-14.0616685038429,-14.0616685038429
535,-14.0575457383342,-14.0575457383342
536,-14.0534229728255,-14.0534229728255
537,-14.0493002073168,-14.0493002073168
538,-14.0451774418081,-14.0451774418081
539,-14.0410546762994,-14.0410546762994
540,-14.0369319107907,-14.0369319107907
541,-14.0369319107907,-14.0369319107907
542,-14.0369319107907,-14.0369319107907
543,-14.0369319107907,-14.0369319107907
544,-14.0369319107907,-14.0369319107907
545,-14.0369319107907,-14.0369319107907
546,-14.0369319107907,-14.0369319107907
547,-14.0369319107907,-14.0369319107907
548,-14.0369319107907,-14.0369319107907
549,-14.0369319107907,-14.0369319107907
550,-14.0369319107907,-14.0369319107907
551,-14.0508677687106,-14.0508677687106
552,-14.0648036266305,-14.0648036266305
553,-14.0787394845505,-14.0787394845505
554,-14.0926753424704,-14.0926753424704
555,-14.1066112003903,-14.1066112003903
556,-14.1205470583103,-14.1205470583103
557,-14.1344829162302,-14.1344829162302
558,-14.1484187741501,-14.1484187741501
559,-14.16235463207,-14.16235463207
560,-14.17629048999,-14.17629048999
561,-14.224758630996,-14.224758630996
562,-14.273226772002,-14.273226772002
563,-14.321694913008,-14.321694913008
564,-14.3701630540141,-14.3701630540141
565,-14.4186311950201,-14.4186311950201
566,-14.4670993360261,-14.4670993360261
567,-14.5155674770321,-14.5155674770321
568,-14.5640356180381,-14.5640356180381
569,-14.6125037590442,-14.6125037590442
570,-14.6609719000502,-14.6609719000502
571,-14.67126987173,-14.67126987173
572,-14.6815678434099,-14.6815678434099
573,-14.6918658150897,-14.6918658150897
574,-14.7021637867696,-14.7021637867696
575,-14.7124617584494,-14.7124617584494
576,-14.7227597301293,-14.7227597301293
577,-14.7330577018091,-14.7330577018091
578,-14.743355673489,-14.743355673489
579,-14.7536536451688,-14.7536536451688
580,-14.7639516168487,-14.7639516168487
581,-14.7276590474963,-14.7276590474963
582,-14.691366478144,-14.691366478144
583,-14.6550739087917,-14.6550739087917
584,-14.6187813394393,-14.6187813394393
585,-14.582488770087,-14.582488770087
586,-14.5461962007347,-14.5461962007347
587,-14.5099036313823,-14.5099036313823
588,-14.47361106203,-14.47361106203
589,-14.4373184926777,-14.4373184926777
590,-14.4010259233253,-14.4010259233253
591,-14.3697923882774,-14.3697923882774
592,-14.3385588532295,-14.3385588532295
593,-14.3073253181816,-14.3073253181816
594,-14.2760917831336,-14.2760917831336
595,-14.2448582480857,-14.2448582480857
596,-14.2136247130378,-14.2136247130378
597,-14.1823911779899,-14.1823911779899
598,-14.1511576429419,-14.1511576429419
599,-14.119924107894,-14.119924107894
600,-14.0886905728461,-14.0886905728461
601,-14.0683667340088,-14.0683667340088
602,-14.0480428951715,-14.0480428951715
603,-14.0277190563342,-14.0277190563342
604,-14.0073952174969,-14.0073952174969
605,-13.9870713786596,-13.9870713786596
606,-13.9667475398223,-13.9667475398223
607,-13.946423700985,-13.946423700985
608,-13.9260998621476,-13.9260998621476
609,-13.9057760233103,-13.9057760233103
610,-13.885452184473,-13.885452184473
611,-13.8651283456357,-13.8651283456357
612,-13.8448045067984,-13.8448045067984
613,-13.8244806679611,-13.8244806679611
614,-13.8041568291238,-13.8041568291238
615,-13.7838329902865,-13.7838329902865
616,-13.7635091514492,-13.7635091514492
617,-13.7431853126119,-13.7431853126119
618,-13.7228614737746,-13.7228614737746
619,-13.7025376349373,-13.7025376349373
620,-13.6822137961,-13.6822137961
621,-13.691533327381,-13.691533327381
622,-13.7008528586621,-13.7008528586621
623,-13.7101723899431,-13.7101723899431
624,-13.7194919212242,-13.7194919212242
625,-13.7288114525052,-13.7288114525052
626,-13.7381309837863,-13.7381309837863
627,-13.7474505150673,-13.7474505150673
628,-13.7567700463484,-13.7567700463484
629,-13.7660895776294,-13.7660895776294
630,-13.7754091089105,-13.7754091089105
631,-13.8006968346527,-13.8006968346527
632,-13.825984560395,-13.825984560395
633,-13.8512722861373,-13.8512722861373
634,-13.8765600118796,-13.8765600118796
635,-13.9018477376218,-13.9018477376218
636,-13.9271354633641,-13.9271354633641
637,-13.9524231891064,-13.9524231891064
638,-13.9777109148486,-13.9777109148486
639,-14.0029986405909,-14.0029986405909
640,-14.0282863663332,-14.0282863663332
641,-14.1609251969237,-14.1609251969237
642,-14.2935640275142,-14.2935640275142
643,-14.4262028581047,-14.4262028581047
644,-14.5588416886953,-14.5588416886953
645,-14.6914805192858,-14.6914805192858
646,-14.8241193498763,-14.8241193498763
647,-14.9567581804668,-14.9567581804668
648,-15.0893970110574,-15.0893970110574
649,-15.2220358416479,-15.2220358416479
650,-15.3546746722384,-15.3546746722384
651,-15.4319638645854,-15.4319638645854
652,-15.5092530569323,-15.5092530569323
653,-15.5865422492793,-15.5865422492793
654,-15.6638314416263,-15.6638314416263
655,-15.7411206339732,-15.7411206339732
656,-15.8184098263202,-15.8184098263202
657,-15.8956990186671,-15.8956990186671
658,-15.9729882110141,-15.9729882110141
659,-16.0502774033611,-16.0502774033611
660,-16.127566595708,-16.127566595708
661,-16.127566595708,-16.127566595708
662,-16.127566595708,-16.127566595708
663,-16.127566595708,-16.127566595708
664,-16.127566595708,-16.127566595708
665,-16.127566595708,-16.127566595708
666,-16.127566595708,-16.127566595708
667,-16.127566595708,-16.127566595708
668,-16.127566595708,-16.127566595708
669,-16.127566595708,-16.127566595708
670,-16.127566595708,-16.127566595708
671,-16.1931507545923,-16.1931507545923
672,-16.2587349134766,-16.2587349134766
673,-16.3243190723609,-16.3243190723609
674,-16.3899032312451,-16.3899032312451
675,-16.4554873901294,-16.4554873901294
676,-16.5210715490137,-16.5210715490137
677,-16.586655707898,-16.586655707898
678,-16.6522398667822,-16.6522398667822
679,-16.7178240256665,-16.7178240256665
680,-16.7834081845508,-16.7834081845508
681,-16.8613355563064,-16.8613355563064
682,-16.939262928062,-16.939262928062
683,-17.0171902998175,-17.0171902998175
684,-17.0951176715731,-17.0951176715731
685,-17.1730450433287,-17.1730450433287
686,-17.2509724150843,-17.2509724150843
687,-17.3288997868399,-17.3288997868399
688,-17.4068271585954,-17.4068271585954
689,-17.484754530351,-17.484754530351
690,-17.5626819021066,-17.5626819021066
691,-17.6475728825121,-17.6475728825121
692,-17.7324638629176,-17.7324638629176
693,-17.8173548433231,-17.8173548433231
694,-17.9022458237286,-17.9022458237286
695,-17.9871368041341,-17.9871368041341
696,-18.0720277845396,-18.0720277845396
697,-18.1569187649451,-18.1569187649451
698,-18.2418097453506,-18.2418097453506
699,-18.3267007257561,-18.3267007257561
700,-18.4115917061616,-18.4115917061616
701,-18.4839340412405,-18.4839340412405
702,-18.5562763763195,-18.5562763763195
703,-18.6286187113984,-18.6286187113984
704,-18.7009610464773,-18.7009610464773
705,-18.7733033815562,-18.7733033815562
706,-18.8456457166352,-18.8456457166352
707,-18.9179880517141,-18.9179880517141
708,-18.990330386793,-18.990330386793
709,-19.0626727218719,-19.0626727218719
710,-19.1350150569509,-19.1350150569509
711,-19.1706731289536,-19.1706731289536
712,-19.2063312009563,-19.2063312009563
713,-19.241989272959,-19.241989272959
714,-19.2776473449617,-19.2776473449617
715,-19.3133054169644,-19.3133054169644
716,-19.3489634889672,-19.3489634889672
717,-19.3846215609699,-19.3846215609699
718,-19.4202796329726,-19.4202796329726
719,-19.4559377049753,-19.4559377049753
720,-19.491595776978,-19.491595776978
721,-19.5229692072781,-19.5229692072781
722,-19.5543426375782,-19.5543426375782
723,-19.5857160678783,-19.5857160678783
724,-19.6170894981784,-19.6170894981784
725,-19.6484629284785,-19.6484629284785
726,-19.6798363587786,-19.6798363587786
727,-19.7112097890787,-19.7112097890787
728,-19.7425832193788,-19.7425832193788
729,-19.7739566496789,-19.7739566496789
730,-19.805330079979,-19.805330079979
731,-19.831566788476,-19.831566788476
732,-19.8578034969729,-19.8578034969729
733,-19.8840402054699,-19.8840402054699
734,-19.9102769139669,-19.9102769139669
735,-19.9365136224639,-19.9365136224639
736,-19.9627503309609,-19.9627503309609
737,-19.9889870394579,-19.9889870394579
738,-20.0152237479548,-20.0152237479548
739,-20.0414604564518,-20.0414604564518
740,-20.0676971649488,-20.0676971649488
741,-20.0939177565161,-20.0939177565161
742,-20.1201383480834,-20.1201383480834
743,-20.1463589396507,-20.1463589396507
744,-20.172579531218,-20.172579531218
745,-20.1988001227853,-20.1988001227853
746,-20.2250207143526,-20.2250207143526
747,-20.2512413059199,-20.2512413059199
748,-20.2774618974872,-20.2774618974872
749,-20.3036824890545,-20.3036824890545
750,-20.3299030806219,-20.3299030806219
751,-20.3554838714064,-20.3554838714064
752,-20.381064662191,-20.381064662191
753,-20.4066454529755,-20.4066454529755
754,-20.4322262437601,-20.4322262437601
755,-20.4578070345446,-20.4578070345446
756,-20.4833878253292,-20.4833878253292
757,-20.5089686161138,-20.5089686161138
758,-20.5345494068983,-20.5345494068983
759,-20.5601301976829,-20.5601301976829
760,-20.5857109884674,-20.5857109884674
761,-20.611291779252,-20.611291779252
762,-20.6368725700366,-20.6368725700366
763,-20.6624533608211,-20.6624533608211
764,-20.6880341516057,-20.6880341516057
765,-20.7136149423902,-20.7136149423902
766,-20.7391957331748,-20.7391957331748
767,-20.7647765239593,-20.7647765239593
768,-20.7903573147439,-20.7903573147439
769,-20.8159381055285,-20.8159381055285
770,-20.841518896313,-20.841518896313
771,-20.8670996870976,-20.8670996870976
772,-20.8926804778821,-20.8926804778821
773,-20.9182612686667,-20.9182612686667
774,-20.9438420594512,-20.9438420594512
775,-20.9694228502358,-20.9694228502358
776,-20.9950036410204,-20.9950036410204
777,-21.0205844318049,-21.0205844318049
778,-21.0461652225895,-21.0461652225895
779,-21.071746013374,-21.071746013374
780,-21.0973268041586,-21.0973268041586
781,-21.118097375916,-21.118097375916
782,-21.1388679476734,-21.1388679476734
783,-21.1596385194308,-21.1596385194308
784,-21.1804090911882,-21.1804090911882
785,-21.2011796629456,-21.2011796629456
786,-21.221950234703,-21.221950234703
787,-21.2427208064605,-21.2427208064605
788,-21.2634913782179,-21.2634913782179
789,-21.2842619499753,-21.2842619499753
790,-21.3050325217327,-21.3050325217327
791,-21.3137820271315,-21.3137820271315
792,-21.3225315325304,-21.3225315325304
793,-21.3312810379293,-21.3312810379293
794,-21.3400305433281,-21.3400305433281
795,-21.348780048727,-21.348780048727
796,-21.3575295541258,-21.3575295541258
797,-21.3662790595247,-21.3662790595247
798,-21.3750285649235,-21.3750285649235
799,-21.3837780703224,-21.3837780703224
800,-21.3925275757213,-21.3925275757213
